22964079#7 : 5 5 0 7 5 28 66 114 99 80 66 
22964079#7 : 53 28 21 34 52 194 480 733 643 547 0 
80015627#0 : 4 2 2 4 7 17 47 92 80 61 55 
80015627#0 : 32 14 8 9 21 89 317 659 561 382 0 
30143811#2 : 87 89 92 88 153 513 1647 2758 2224 1221 904 
30143811#2 : 83 70 53 59 94 355 1112 3131 3325 1782 0 
8599689#1 : 37 25 20 26 43 179 545 905 712 420 334 
8599689#1 : 27 21 14 17 43 173 531 712 532 418 0 
8138897#3 : 4 8 5 5 9 21 65 115 116 83 53 
8138897#3 : 9 8 6 2 7 31 119 285 305 237 0 
26585595#0 : 4 1 0 1 2 4 11 20 21 13 11 
26585595#0 : 67 41 17 14 25 71 165 366 428 409 0 
71121158 : 45 45 37 60 91 277 869 1425 1183 699 575 
71121158 : 159 106 64 93 137 318 475 976 1165 1312 0 
56760938#1 : 18 9 8 10 15 52 211 251 227 164 117 
56760938#1 : 29 19 13 12 20 85 339 594 517 443 0 
83063543#3 : 19 20 16 25 22 122 352 608 513 303 231 
83063543#3 : 55 38 20 21 35 134 354 953 1007 750 0 
54436866#12 : 2 1 4 3 7 10 35 53 61 33 35 
54436866#12 : 33 20 16 13 33 143 460 848 922 633 0 
28961985 : 46 27 29 36 49 121 384 631 628 432 337 
28961985 : 28 17 9 7 27 48 143 500 613 512 0 
34425561 : 46 25 27 32 45 117 356 585 576 407 316 
34425561 : 18 13 5 5 12 42 172 687 738 412 0 
75627896#1 : 19 13 10 9 15 55 190 310 301 221 192 
75627896#1 : 22 11 8 6 11 32 143 418 474 346 0 
