22964079#7 : 9 5 3 8 21 53 137 246 192 146 121 
22964079#7 : 53 28 21 34 52 194 480 733 643 547 551 
80015627#0 : 8 7 6 7 10 38 114 184 163 96 76 
80015627#0 : 32 14 8 9 21 89 317 659 561 382 346 
30143811#2 : 107 84 71 85 150 489 1530 2477 2040 1111 826 
30143811#2 : 83 70 53 59 94 355 1112 3131 3325 1782 1248 
8599689#1 : 46 26 19 25 42 162 474 900 775 461 344 
8599689#1 : 27 21 14 17 43 173 531 712 532 418 321 
8138897#3 : 3 2 4 2 4 16 62 92 80 62 49 
8138897#3 : 9 8 6 2 7 31 119 285 305 237 226 
26585595#0 : 2 1 2 2 3 7 31 43 48 41 31 
26585595#0 : 67 41 17 14 25 71 165 366 428 409 442 
71121158 : 107 57 64 66 143 443 1361 2133 1766 1107 896 
71121158 : 159 106 64 93 137 318 475 976 1165 1312 1295 
56760938#1 : 12 8 7 11 15 61 231 306 284 199 142 
56760938#1 : 29 19 13 12 20 85 339 594 517 443 337 
83063543#3 : 50 37 29 24 70 208 639 1029 872 579 432 
83063543#3 : 55 38 20 21 35 134 354 953 1007 750 663 
54436866#12 : 7 1 1 2 5 18 59 58 59 58 37 
54436866#12 : 33 20 16 13 33 143 460 848 922 633 536 
28961985 : 41 25 18 23 35 91 332 464 459 354 243 
28961985 : 28 17 9 7 27 48 143 500 613 512 604 
34425561 : 30 18 14 10 23 61 242 343 335 252 179 
34425561 : 18 13 5 5 12 42 172 687 738 412 373 
75627896#1 : 26 24 14 21 32 81 219 427 378 325 247 
75627896#1 : 22 11 8 6 11 32 143 418 474 346 327 
