"fitness"
32567
32803
32948
34082
25648
27225
26234
28005
27792
27792
37759
37696
35058
37760
27336
26682
25066
24560
24240
24185
34268
33647
34486
33280
25276
30890
26326
25530
25089
25057
26345
25901
26109
27794
28428
28225
28805
28485
28784
28335
30590
28973
28736
30583
26095
26426
26640
26665
26735
26476
31356
33069
34925
36433
26093
25461
26008
25878
26083
25973
28125
27318
29203
31345
25998
25858
26111
26076
26224
26073
25557
25780
25158
25107
32840
29765
35563
32907
32239
33707
28052
29720
26736
26770
34591
34143
31825
29889
30289
29898
25652
25303
25764
25300
32027
34028
31126
31147
32804
32138
